Node Number	X Location (mm)	Y Location (mm)	Z Location (mm)	Temperature (°C)
1	9,	1,1022e-015	65,	74,953
2	7,7942	4,5	65,	74,814
3	4,5	7,7942	65,	74,794
4	-4,5479e-015	9,	65,	74,855
5	-4,5	7,7942	65,	74,768
6	-7,7942	4,5	65,	74,833
7	-9,	-5,2042e-015	65,	74,852
8	-7,7942	-4,5	65,	74,877
9	-4,5	-7,7942	65,	74,852
10	5,4441e-015	-9,	65,	74,808
11	4,5	-7,7942	65,	74,76
12	7,7942	-4,5	65,	74,806
13	9,	1,1022e-015	0,	74,976
14	7,7942	4,5	0,	74,842
15	4,5	7,7942	0,	74,8
16	-4,5479e-015	9,	0,	74,881
17	-4,5	7,7942	0,	74,787
18	-7,7942	4,5	0,	74,866
19	-9,	-5,2042e-015	0,	74,924
20	-7,7942	-4,5	0,	74,906
21	-4,5	-7,7942	0,	74,827
22	5,4441e-015	-9,	0,	74,882
23	4,5	-7,7942	0,	74,813
24	7,7942	-4,5	0,	74,833
25	8,8054	-1,8614	60,233	74,741
26	8,5499	-2,8105	4,85	74,768
27	5,9992	6,7089	60,15	74,923
28	6,7089	5,9992	4,85	74,883
29	-2,8105	8,5499	60,15	74,839
30	-8,8097	1,841	60,15	74,85
31	-8,453	-3,0898	60,017	74,732
32	-5,9116	-6,7863	60,329	74,927
33	-1,4808	-8,8773	59,987	74,742
34	-1,841	8,8097	4,85	74,87
35	-8,5499	2,8105	4,85	74,937
36	-8,8477	-1,6485	5,0073	74,779
37	-6,7087	-5,9995	4,8263	74,869
38	-2,997	-8,4863	5,0055	74,853
39	-6,8508	5,8366	59,979	74,722
40	3,3776	-8,3422	59,494	74,832
41	-5,8366	6,8508	5,0214	74,767
42	1,8413	-8,8096	4,8261	74,778
43	8,4826	3,0074	60,018	74,843
44	8,8513	1,6293	5,0214	74,876
45	1,6293	8,8513	59,979	74,76
46	3,0147	8,4801	5,0214	74,818
47	6,9542	-5,7131	59,881	74,852
48	5,836	-6,8514	5,0195	74,944
49	8,9458	0,98624	55,636	74,814
50	8,4987	-2,9617	55,177	74,773
51	7,1785	-5,4286	9,8619	74,757
52	8,9094	-1,2738	9,6015	74,918
53	3,5025	8,2905	55,138	74,843
54	7,1231	5,501	55,642	74,763
55	8,2204	3,6641	9,7874	74,857
56	5,2773	7,2904	9,9057	74,749
57	-5,3033	7,2715	55,3	74,817
58	-1,3855	8,8927	55,475	74,715
59	-8,9308	-1,1136	55,082	74,776
60	-8,357	3,3407	55,427	74,773
61	-6,6622	-6,0511	55,511	74,847
62	-3,2828	-8,3799	56,351	74,719
63	1,56	-8,8638	53,874	74,761
64	0,93577	8,9512	9,7858	74,867
65	-3,6751	8,2155	9,9056	74,908
66	-7,2841	5,286	9,7858	74,884
67	-8,9528	0,92099	9,9022	74,842
68	-8,2184	-3,6685	9,7803	74,742
69	-5,2374	-7,3191	9,7923	74,865
70	-0,90003	-8,9549	9,6962	74,771
71	6,0855	-6,6308	54,38	74,873
72	3,2524	-8,3918	9,5205	74,879
73	8,3596	3,3343	51,623	74,83
74	8,9994	-0,10411	50,525	74,809
75	8,0733	-3,9778	49,757	74,714
76	4,8008	-7,6127	14,121	74,8
77	8,1866	-3,739	14,537	74,851
78	8,9358	1,073	14,991	74,733
79	0,46436	8,988	50,453	74,775
80	5,9166	6,7819	49,706	74,817
81	7,1447	5,473	14,988	74,887
82	3,5402	8,2745	15,001	74,764
83	-7,3103	5,2497	50,804	74,767
84	-3,849	8,1354	50,865	74,753
85	-7,8493	-4,4033	50,914	74,827
86	-8,9423	1,0177	49,668	74,793
87	-3,3999	-8,3331	50,882	74,772
88	5,3062	-7,2694	48,481	74,78
89	-1,1671	8,924	14,989	74,89
90	-5,3958	7,2032	15,001	74,744
91	-8,312	3,4512	14,989	74,785
92	-8,9359	-1,0718	15,001	74,836
93	-7,1445	-5,4733	14,988	74,795
94	-3,3302	-8,3612	14,457	74,818
95	0,96969	-8,9476	13,26	74,785
96	1,3566	-8,8972	47,164	74,82
97	8,2343	3,6327	45,623	74,75
98	8,9748	-0,67246	45,163	74,826
99	7,7666	-4,5475	44,209	74,724
100	1,2055	-8,9189	18,267	74,829
101	6,3975	-6,3302	18,476	74,782
102	8,8363	-1,7089	19,523	74,771
103	8,4638	3,0602	19,778	74,769
104	-3,2337	8,399	45,583	74,746
105	1,9617	8,7836	46,068	74,808
106	5,6168	7,0322	20,085	74,823
107	1,5391	8,8674	19,876	74,71
108	-7,74	4,5926	45,053	74,809
109	-6,2511	-6,4749	46,917	74,805
110	-2,8705	-8,53	44,28	74,777
111	5,2333	-7,3221	42,872	74,794
112	-3,2813	8,3805	20,086	74,812
113	-6,9107	5,7656	19,887	74,788
114	-8,8984	1,3485	20,086	74,784
115	-8,4343	-3,1404	20,005	74,85
116	-5,196	-7,3486	20,503	74,767
117	5,0957	7,4185	43,313	74,753
118	-8,988	-0,46471	43,323	74,783
119	1,6002	-8,8566	40,957	74,744
120	7,3384	5,2103	39,185	74,736
121	8,8208	1,7869	40,201	74,767
122	8,8324	-1,7287	40,799	74,785
123	7,798	-4,4935	38,415	74,786
124	3,6697	-8,2179	23,139	74,668
125	7,6518	-4,7382	23,643	74,823
126	8,9729	0,69846	24,398	74,839
127	7,4393	5,0652	24,471	74,684
128	-1,9997e-002	9,	40,442	74,731
129	3,8542	8,133	24,449	74,753
130	-0,64672	8,9767	24,527	74,805
131	-8,6155	2,6027	38,868	74,775
132	-6,8337	-5,8567	41,466	74,757
133	-2,6065	-8,6143	37,744	74,715
134	5,0383	-7,4576	38,02	74,683
135	-5,1093	7,4091	24,562	74,686
136	-8,092	3,9395	24,495	74,8
137	-8,9535	-0,91343	25,135	74,734
138	-7,4642	-5,0285	24,374	74,778
139	-0,93363	-8,9514	23,678	74,774
140	4,15	7,9861	38,4	74,722
141	-6,1761	6,5465	40,257	74,799
142	-8,6384	-2,5254	37,948	74,713
143	1,8797	-8,8015	35,425	74,78
144	-4,2942	-7,9095	26,419	74,815
145	6,0342	6,6775	33,202	74,785
146	8,757	2,0774	34,417	74,78
147	6,2584	-6,4678	33,472	74,688
148	0,46852	-8,9878	27,493	74,753
149	4,9346	-7,5266	28,064	74,756
150	8,7056	-2,2831	29,284	74,799
151	8,1998	3,7099	29,508	74,833
152	5,7563	6,9185	28,145	74,717
153	-3,5566	8,2674	36,273	74,724
154	0,28047	8,9956	34,177	74,819
155	1,4821	8,8771	29,096	74,811
156	-2,5554	8,6296	29,166	74,76
157	-8,9885	-0,45554	33,219	74,771
158	-7,344	5,2025	33,981	74,836
159	-6,7377	-5,9669	34,926	74,743
160	-3,1936	-8,4143	32,093	74,73
161	-6,7349	5,97	29,013	74,713
162	-8,6562	2,4638	29,217	74,732
163	-7,6806	-4,6913	29,436	74,761
164	8,6532	-2,4744	34,446	74,879
165	2,2487	-8,7145	31,352	74,79
166	2,1834	-1,0294e-015	0,	77,024
167	-3,8455	-3,2547e-015	0,	76,722
168	-1,5	-4,5	0,	76,478
169	-1,5	4,5	0,	76,483
170	3,75	-3,8971	0,	76,293
171	3,75	3,8971	0,	76,289
172	2,1834	-1,0294e-015	65,	77,041
173	-3,8455	-3,2547e-015	65,	76,645
174	-1,5	-4,5	65,	76,44
175	-1,5	4,5	65,	76,44
176	3,75	-3,8971	65,	76,253
177	3,75	3,8971	65,	76,27
178	-1,145	-4,6931	12,078	76,418
179	-0,47395	1,5304	3,8782	76,984
180	-4,1043	-2,4773	3,2458	76,547
181	4,6877	-0,12739	3,1345	76,596
182	-4,0819	3,4762	3,1881	76,314
183	1,7499	-3,8315	20,402	76,546
184	1,3942	-5,3532	3,2786	76,263
185	1,1692	5,482	3,9635	76,228
186	-2,3104	-3,747	23,921	76,527
187	-3,8847	2,6103	31,01	76,416
188	2,8628	-3,7469	30,755	76,406
189	3,2212	3,0781	36,247	76,509
190	-3,0461	2,7705	36,872	76,536
191	-4,0514	-3,6198	38,196	76,137
192	5,157	-0,96052	37,71	76,23
193	0,77531	-4,4519	44,062	76,45
194	4,4662	1,8406	42,463	76,377
195	-4,1381	-0,33523	47,316	76,614
196	1,0352	-4,4559	50,973	76,442
197	4,549	1,8333	48,313	76,377
198	-0,43073	-4,4031	56,795	76,603
199	-4,2929	2,9115	61,913	76,334
200	-3,8937	-2,3719	62,005	76,525
201	0,8131	-4,6855	61,82	76,533
202	5,0323	0,22492	61,894	76,466
203	1,3369	5,0932	61,766	76,339
204	0,16133	5,0426	57,	76,378
205	4,9163	-2,14	57,623	76,336
206	-4,8623	-0,72056	57,721	76,417
207	-2,494	-4,3492	52,521	76,346
208	3,8149	-2,506	47,378	76,537
209	2,9672	3,7836	52,655	76,42
210	0,10792	4,3935	47,871	76,537
211	-1,739	-4,2212	47,713	76,486
212	4,7479	-1,3695	52,554	76,458
213	-3,4498	-2,9148	42,914	76,446
214	-4,091	3,5225	49,132	76,194
215	1,963	4,8794	41,871	76,211
216	3,0394	-4,9189	39,556	76,061
217	2,666	-4,6957	35,6	76,203
218	-1,2555	-4,5631	34,371	76,388
219	-4,9594	-1,2026	34,688	76,33
220	-4,5254	1,5599	41,958	76,359
221	2,3644	3,63	30,384	76,523
222	-1,4246	-4,196	28,868	76,458
223	3,895	-1,0569	26,167	76,655
224	5,1275	0,52424	31,937	76,282
225	-4,381	1,1236	26,562	76,415
226	-5,1431	-0,68286	29,786	76,184
227	-1,1431	4,8171	33,118	76,317
228	-5,3467	0,4892	21,817	76,281
229	1,5162	-5,687	25,555	76,
230	3,5898	2,8326	7,4528	76,619
231	-2,2907	4,3788	7,5667	76,473
232	-0,56864	-5,0988	7,5055	76,422
233	1,3014	4,8266	17,268	76,39
234	-2,5107	-3,6467	16,658	76,525
235	3,3041	-3,0106	16,264	76,553
236	-2,0928	-4,37	20,101	76,397
237	4,3246	-2,6865	7,3369	76,4
238	-4,4535	-0,78308	7,9623	76,615
239	3,2994	-4,137	11,663	76,319
240	-4,398	-2,6728	12,072	76,372
241	-3,3022	2,6048	13,214	76,683
242	4,8398	0,21908	12,527	76,421
243	5,2312	1,3789	17,528	76,261
244	1,7735	4,2615	11,926	76,574
245	0,64343	5,1363	21,557	76,276
246	-4,0477	3,6873	18,373	76,244
247	-5,136	-0,48937	17,726	76,326
248	-0,46591	5,5128	38,137	76,118
249	-2,0932	4,7791	27,325	76,246
250	4,8825	-0,83712	21,507	76,367
251	-2,3071	4,4538	43,412	76,319
252	-4,4755	2,3897	53,88	76,326
253	-0,97494	-5,3799	39,574	76,156
254	-1,7162	5,0457	52,509	76,272
255	-4,6388	-1,3986	53,413	76,377
256	4,5904	2,6837	57,024	76,273
257	-3,6894	3,5673	58,347	76,329
258	4,0977	3,2293	21,659	76,262
259	0,22876	-1,8652	3,751	76,979
260	8,4721e-002	4,4975e-002	39,031	77,118
261	3,5909	4,5589	45,682	76,059
262	-5,7324e-002	0,54086	60,216	77,083
263	4,7284	-2,4577	42,266	76,229
264	0,50948	0,38249	44,936	77,07
265	-0,24685	0,11329	50,432	77,088
266	0,36911	-8,977e-003	55,107	77,104
267	-5,6119	-0,77846	39,476	76,077
268	-1,1536	-0,45346	31,64	76,971
269	0,10291	0,41855	18,488	77,092
270	9,468e-002	-0,62243	9,4159	77,128
271	-0,12619	-1,179	13,42	77,075
272	-0,58589	0,91646	23,123	77,036
273	2,7064	3,7097	25,533	76,528
274	5,8082e-002	1,0109	28,1	77,018
275	-3,1174	4,486	23,146	76,194
276	1,9758	-0,76209	34,654	76,976
277	2,3307	1,7244	15,061	76,843
278	-4,0172	-2,2879	26,914	76,406
279	-0,30543	-5,8813	15,442	76,062
280	-4,4466	-3,8414	31,224	76,011
